
 Original map:

1 0 1 0 1 0 1 0 1 0 1 0 1 0 1 0 1 0 1 0 1 0 1 0 1 0 1 0 1 0 1 0 1 0 1 0 1 0 1 0 1 0 1 0 
3 3 3 3 3 3 3 3 3 3 3 3 3 3 3 3 3 3 3 3 3 3 3 3 3 3 3 3 3 3 3 3 3 3 3 3 3 3 3 3 3 3 3 3 
3 3 3 3 3 3 3 3 3 3 3 3 3 3 3 3 3 3 3 3 3 3 3 3 3 3 3 3 3 3 3 3 3 3 3 3 3 3 3 3 3 3 3 3 
3 3 3 3 3 3 3 3 3 3 3 3 3 3 3 3 3 3 3 3 3 3 3 3 3 3 3 3 3 3 3 3 3 3 3 3 3 3 3 3 3 3 3 3 
2 0 1 0 1 0 1 0 1 0 1 2 1 0 1 0 1 0 1 0 1 0 2 0 1 0 1 0 1 0 1 0 1 2 1 0 1 0 1 0 1 0 1 0 
2 3 3 3 3 3 3 3 3 3 3 2 3 3 3 3 3 3 3 3 3 3 2 3 3 3 3 3 3 3 3 3 3 2 3 3 3 3 3 3 3 3 3 3 
2 3 3 3 3 3 3 3 3 3 3 2 3 3 3 3 3 3 3 3 3 3 2 3 3 3 3 3 3 3 3 3 3 2 3 3 3 3 3 3 3 3 3 3 
2 3 3 3 3 3 3 3 3 3 3 2 3 3 3 3 3 3 3 3 3 3 2 3 3 3 3 3 3 3 3 3 3 2 3 3 3 3 3 3 3 3 3 3 
1 0 2 0 1 0 1 0 1 2 1 0 1 0 1 0 1 0 1 0 1 0 1 0 2 0 1 0 1 0 1 2 1 0 1 0 1 0 1 0 1 0 1 0 
3 3 2 3 3 3 3 3 3 2 3 3 3 3 3 3 3 3 3 3 3 3 3 3 2 3 3 3 3 3 3 2 3 3 3 3 3 3 3 3 3 3 3 3 
3 3 2 3 3 3 3 3 3 2 3 3 3 3 3 3 3 3 3 3 3 3 3 3 2 3 3 3 3 3 3 2 3 3 3 3 3 3 3 3 3 3 3 3 
3 3 2 3 3 3 3 3 3 2 3 3 3 3 3 3 3 3 3 3 3 3 3 3 2 3 3 3 3 3 3 2 3 3 3 3 3 3 3 3 3 3 3 3 
1 0 1 0 1 0 1 0 1 0 1 0 1 0 1 0 1 0 1 0 1 0 1 0 1 0 1 0 1 0 1 0 1 0 1 0 1 0 1 0 1 0 1 0 




 ai map:

10 10 10 10 10 10 10 10 10 10 10 10 10 10 10 10 10 10 10 10 10 10 10 10 10 10 10 10 10 10 10 10 10 10 10 10 10 10 10 10 10 10 10 10 
10 10 10 10 10 10 10 10 10 10 10 10 10 10 10 10 10 10 10 10 10 10 10 10 10 10 10 10 10 10 10 10 10 10 10 10 10 10 10 10 10 10 10 10 
10 10 10 10 10 10 10 10 10 10 10 10 10 10 10 10 10 10 10 10 10 10 10 10 10 10 10 10 10 10 10 10 10 10 10 10 10 10 10 10 10 10 10 10 
01 01 01 01 01 01 01 01 01 01 01 01 01 01 01 01 01 01 01 01 01 01 01 01 01 01 01 01 01 01 01 01 01 01 01 01 01 01 01 01 01 01 01 01 
01 10 10 10 10 10 10 10 10 10 10 01 10 10 10 10 10 10 10 10 10 10 01 10 10 10 10 10 10 10 10 10 10 01 10 10 10 10 10 10 10 10 10 10 
01 10 10 10 10 10 10 10 10 10 10 01 10 10 10 10 10 10 10 10 10 10 01 10 10 10 10 10 10 10 10 10 10 01 10 10 10 10 10 10 10 10 10 10 
01 10 10 10 10 10 10 10 10 10 10 01 10 10 10 10 10 10 10 10 10 10 01 10 10 10 10 10 10 10 10 10 10 01 10 10 10 10 10 10 10 10 10 10 
01 01 01 01 01 01 01 01 01 01 01 01 01 01 01 01 01 01 01 01 01 01 01 01 01 01 01 01 01 01 01 01 01 01 01 01 01 01 01 01 01 01 01 01 
10 10 01 10 10 10 10 10 10 01 10 10 10 10 10 10 10 10 10 10 10 10 10 10 01 10 10 10 10 10 10 01 10 10 10 10 10 10 10 10 10 10 10 10 
10 10 01 10 10 10 10 10 10 01 10 10 10 10 10 10 10 10 10 10 10 10 10 10 01 10 10 10 10 10 10 01 10 10 10 10 10 10 10 10 10 10 10 10 
10 10 01 10 10 10 10 10 10 01 10 10 10 10 10 10 10 10 10 10 10 10 10 10 01 10 10 10 10 10 10 01 10 10 10 10 10 10 10 10 10 10 10 10 
01 01 01 01 01 01 01 01 01 01 01 01 01 01 01 01 01 01 01 01 01 01 01 01 01 01 01 01 01 01 01 01 01 01 01 01 01 01 01 01 01 01 01 01 
10 10 10 10 10 10 10 10 10 10 10 10 10 10 10 01 10 10 10 10 10 10 10 10 10 10 10 10 10 10 10 10 10 10 10 10 10 10 10 10 10 10 10 10 
